0.0000 0.00000000 0.00000000 0.00000000
0.0000 0.00000000 0.00000000 0.00000000
0.0000 0.00000000 0.00000000 0.00000000
0.0000 0.00000000 0.00000000 0.00000000
0.0000 0.00000000 0.00000000 0.00000000
677.0266 1.00000000 0.00000000 0.00000000
674.5957 0.16602103 0.98612219 0.00000000
682.6158 -0.10996699 0.66380191 0.73977989
683.2632 0.90124226 -0.41911313 -0.11003003
683.2926 -0.16902307 -0.60108322 0.78110832
677.5893 -0.81471103 -0.38586301 0.43284601
681.3099 0.65603495 0.36601999 0.66003597
672.8436 0.58224094 0.80033094 0.14305899
676.2338 0.90018886 0.25905395 0.35007295
673.4171 0.69329929 -0.69830126 0.17807707
681.5642 0.35685301 -0.92361903 -0.13994201
659.3127 0.54314101 -0.48812601 -0.68317699
682.8357 -0.52514416 -0.39610913 0.75320727
676.0870 -0.63921642 0.68923348 0.34111524
657.5009 -0.32996610 -0.01299900 -0.94390327
675.9872 -0.52402908 -0.78304309 0.33501804
659.1273 0.60876018 -0.06497402 -0.79068923
654.9883 0.22005494 -0.23305894 -0.94723773
666.1555 -0.00399900 -0.90984499 -0.41492900
660.8607 -0.51070124 0.62663329 -0.58865523
679.2588 0.41383690 0.73670882 0.53478885
658.6945 -0.67893094 0.13898599 -0.72092694
676.4287 0.88394874 -0.29598293 0.36197889
684.6335 0.26199502 0.43199202 0.86298406
655.1495 0.08798204 0.18496206 -0.97879934
675.4457 0.29395798 -0.90686893 0.30195597
663.7129 0.88704485 -0.08900398 -0.45302293
684.5670 0.25697708 -0.44296011 0.85892326
663.2285 0.08599301 0.86692816 -0.49095908
674.2646 0.86325467 0.50414878 -0.02500699