0.0000 0.00000000 0.00000000 0.00000000
0.0000 0.00000000 0.00000000 0.00000000
0.0000 0.00000000 0.00000000 0.00000000
0.0000 0.00000000 0.00000000 0.00000000
0.0000 0.00000000 0.00000000 0.00000000
676.5135 1.00000000 0.00000000 0.00000000
674.0826 0.16602103 0.98612219 0.00000000
680.0125 -0.10996699 0.66380191 0.73977989
679.6459 0.90124226 -0.41911313 -0.11003003
680.5540 -0.16902307 -0.60108322 0.78110832
675.9913 -0.81471103 -0.38586301 0.43284601
678.9678 0.65603495 0.36601999 0.66003597
672.1948 0.58224094 0.80033094 0.14305899
674.9069 0.90018886 0.25905395 0.35007295
672.6535 0.69329929 -0.69830126 0.17807707
677.8831 0.35685301 -0.92361903 -0.13994201
661.3701 0.54314101 -0.48812601 -0.68317699
680.1884 -0.52514416 -0.39610913 0.75320727
674.7896 -0.63921642 0.68923348 0.34111524
660.4122 -0.32996610 -0.01299900 -0.94390327
674.7097 -0.52402908 -0.78304309 0.33501804
661.5367 0.60876018 -0.06497402 -0.79068923
657.9105 0.22005494 -0.23305894 -0.94723773
667.3342 -0.00399900 -0.90984499 -0.41492900
662.6084 -0.51070124 0.62663329 -0.58865523
677.3269 0.41383690 0.73670882 0.53478885
660.8755 -0.67893094 0.13898599 -0.72092694
675.0629 0.88394874 -0.29598293 0.36197889
681.6266 0.26199502 0.43199202 0.86298406
658.1751 0.08798204 0.18496206 -0.97879934
674.2765 0.29395798 -0.90686893 0.30195597
665.0164 0.88704485 -0.08900398 -0.45302293
681.5734 0.25697708 -0.44296011 0.85892326
664.6562 0.08599301 0.86692816 -0.49095908
673.7515 0.86325467 0.50414878 -0.02500699