0 0 0 0
670 -0.814711 -0.385863 0.432846
670 -0.678931 0.138986 -0.720927
670 -0.639216 0.689233 0.341115
670 -0.525144 -0.396109 0.753207
670 -0.524029 -0.783043 0.335018
670 -0.510701 0.626633 -0.588655
670 -0.329966 -0.012999 -0.943903
670 -0.169023 -0.601083 0.781108
670 -0.109967 0.663802 0.73978
670 -0.003999 -0.909845 -0.414929
670 0.085993 0.866928 -0.490959
670 0.087982 0.184962 -0.978799
670 0.166021 0.986122 0
670 0.220055 -0.233059 -0.947238
670 0.256977 -0.44296 0.858923
670 0.261995 0.431992 0.862984
670 0.293958 -0.906869 0.301956
670 0.356853 -0.923619 -0.139942
670 0.413837 0.736709 0.534789
670 0.543141 -0.488126 -0.683177
670 0.582241 0.800331 0.143059
670 0.60876 -0.064974 -0.790689
670 0.656035 0.36602 0.660036
670 0.693299 -0.698301 0.178077
670 0.863255 0.504149 -0.025007
670 0.883949 -0.295983 0.361979
670 0.887045 -0.089004 -0.453023
670 0.900189 0.259054 0.350073
670 0.901242 -0.419113 -0.11003
